{
 "cells": [
  {
   "cell_type": "code",
   "execution_count": 8,
   "id": "7d8753bb-a109-4dca-931c-9610b4edf1e7",
   "metadata": {},
   "outputs": [
    {
     "data": {
      "text/plain": [
       "PassengerId    446.000000\n",
       "Survived         0.383838\n",
       "Pclass           2.308642\n",
       "Age             29.699118\n",
       "SibSp            0.523008\n",
       "Parch            0.381594\n",
       "Fare            32.204208\n",
       "dtype: float64"
      ]
     },
     "execution_count": 8,
     "metadata": {},
     "output_type": "execute_result"
    }
   ],
   "source": [
    "import pandas as pd\n",
    "\n",
    "# Load the dataset (make sure titanic.csv is in the same folder as your notebook)\n",
    "d = pd.read_csv(\"titanic.csv\") \n",
    "\n",
    "d.mean(numeric_only=True)\n",
    "\n",
    "\n"
   ]
  },
  {
   "cell_type": "code",
   "execution_count": 9,
   "id": "87f01482-df3a-418a-8d36-b42e348dbc43",
   "metadata": {},
   "outputs": [
    {
     "data": {
      "text/html": [
       "<div>\n",
       "<style scoped>\n",
       "    .dataframe tbody tr th:only-of-type {\n",
       "        vertical-align: middle;\n",
       "    }\n",
       "\n",
       "    .dataframe tbody tr th {\n",
       "        vertical-align: top;\n",
       "    }\n",
       "\n",
       "    .dataframe thead th {\n",
       "        text-align: right;\n",
       "    }\n",
       "</style>\n",
       "<table border=\"1\" class=\"dataframe\">\n",
       "  <thead>\n",
       "    <tr style=\"text-align: right;\">\n",
       "      <th></th>\n",
       "      <th>PassengerId</th>\n",
       "      <th>Survived</th>\n",
       "      <th>Pclass</th>\n",
       "      <th>Age</th>\n",
       "      <th>SibSp</th>\n",
       "      <th>Parch</th>\n",
       "      <th>Fare</th>\n",
       "    </tr>\n",
       "  </thead>\n",
       "  <tbody>\n",
       "    <tr>\n",
       "      <th>PassengerId</th>\n",
       "      <td>1.000000</td>\n",
       "      <td>-0.005007</td>\n",
       "      <td>-0.035144</td>\n",
       "      <td>0.036847</td>\n",
       "      <td>-0.057527</td>\n",
       "      <td>-0.001652</td>\n",
       "      <td>0.012658</td>\n",
       "    </tr>\n",
       "    <tr>\n",
       "      <th>Survived</th>\n",
       "      <td>-0.005007</td>\n",
       "      <td>1.000000</td>\n",
       "      <td>-0.338481</td>\n",
       "      <td>-0.077221</td>\n",
       "      <td>-0.035322</td>\n",
       "      <td>0.081629</td>\n",
       "      <td>0.257307</td>\n",
       "    </tr>\n",
       "    <tr>\n",
       "      <th>Pclass</th>\n",
       "      <td>-0.035144</td>\n",
       "      <td>-0.338481</td>\n",
       "      <td>1.000000</td>\n",
       "      <td>-0.369226</td>\n",
       "      <td>0.083081</td>\n",
       "      <td>0.018443</td>\n",
       "      <td>-0.549500</td>\n",
       "    </tr>\n",
       "    <tr>\n",
       "      <th>Age</th>\n",
       "      <td>0.036847</td>\n",
       "      <td>-0.077221</td>\n",
       "      <td>-0.369226</td>\n",
       "      <td>1.000000</td>\n",
       "      <td>-0.308247</td>\n",
       "      <td>-0.189119</td>\n",
       "      <td>0.096067</td>\n",
       "    </tr>\n",
       "    <tr>\n",
       "      <th>SibSp</th>\n",
       "      <td>-0.057527</td>\n",
       "      <td>-0.035322</td>\n",
       "      <td>0.083081</td>\n",
       "      <td>-0.308247</td>\n",
       "      <td>1.000000</td>\n",
       "      <td>0.414838</td>\n",
       "      <td>0.159651</td>\n",
       "    </tr>\n",
       "    <tr>\n",
       "      <th>Parch</th>\n",
       "      <td>-0.001652</td>\n",
       "      <td>0.081629</td>\n",
       "      <td>0.018443</td>\n",
       "      <td>-0.189119</td>\n",
       "      <td>0.414838</td>\n",
       "      <td>1.000000</td>\n",
       "      <td>0.216225</td>\n",
       "    </tr>\n",
       "    <tr>\n",
       "      <th>Fare</th>\n",
       "      <td>0.012658</td>\n",
       "      <td>0.257307</td>\n",
       "      <td>-0.549500</td>\n",
       "      <td>0.096067</td>\n",
       "      <td>0.159651</td>\n",
       "      <td>0.216225</td>\n",
       "      <td>1.000000</td>\n",
       "    </tr>\n",
       "  </tbody>\n",
       "</table>\n",
       "</div>"
      ],
      "text/plain": [
       "             PassengerId  Survived    Pclass       Age     SibSp     Parch  \\\n",
       "PassengerId     1.000000 -0.005007 -0.035144  0.036847 -0.057527 -0.001652   \n",
       "Survived       -0.005007  1.000000 -0.338481 -0.077221 -0.035322  0.081629   \n",
       "Pclass         -0.035144 -0.338481  1.000000 -0.369226  0.083081  0.018443   \n",
       "Age             0.036847 -0.077221 -0.369226  1.000000 -0.308247 -0.189119   \n",
       "SibSp          -0.057527 -0.035322  0.083081 -0.308247  1.000000  0.414838   \n",
       "Parch          -0.001652  0.081629  0.018443 -0.189119  0.414838  1.000000   \n",
       "Fare            0.012658  0.257307 -0.549500  0.096067  0.159651  0.216225   \n",
       "\n",
       "                 Fare  \n",
       "PassengerId  0.012658  \n",
       "Survived     0.257307  \n",
       "Pclass      -0.549500  \n",
       "Age          0.096067  \n",
       "SibSp        0.159651  \n",
       "Parch        0.216225  \n",
       "Fare         1.000000  "
      ]
     },
     "execution_count": 9,
     "metadata": {},
     "output_type": "execute_result"
    }
   ],
   "source": [
    "d.corr(numeric_only=True)\n"
   ]
  },
  {
   "cell_type": "code",
   "execution_count": 10,
   "id": "b24d2dc6-0780-4fa9-9cdb-1767b5e20b6c",
   "metadata": {},
   "outputs": [
    {
     "data": {
      "text/plain": [
       "PassengerId    891\n",
       "Survived       891\n",
       "Pclass         891\n",
       "Age            714\n",
       "SibSp          891\n",
       "Parch          891\n",
       "Fare           891\n",
       "dtype: int64"
      ]
     },
     "execution_count": 10,
     "metadata": {},
     "output_type": "execute_result"
    }
   ],
   "source": [
    "d.count(numeric_only=True)\n"
   ]
  },
  {
   "cell_type": "code",
   "execution_count": 11,
   "id": "ac3cb1b7-be28-441b-a18d-2ff6145ba66d",
   "metadata": {},
   "outputs": [
    {
     "data": {
      "text/plain": [
       "PassengerId    891.0000\n",
       "Survived         1.0000\n",
       "Pclass           3.0000\n",
       "Age             80.0000\n",
       "SibSp            8.0000\n",
       "Parch            6.0000\n",
       "Fare           512.3292\n",
       "dtype: float64"
      ]
     },
     "execution_count": 11,
     "metadata": {},
     "output_type": "execute_result"
    }
   ],
   "source": [
    "d.max(numeric_only=True)\n"
   ]
  },
  {
   "cell_type": "code",
   "execution_count": 12,
   "id": "9b9a89f8-3c73-4fd9-a04b-f3a769986679",
   "metadata": {},
   "outputs": [
    {
     "data": {
      "text/plain": [
       "PassengerId    1.00\n",
       "Survived       0.00\n",
       "Pclass         1.00\n",
       "Age            0.42\n",
       "SibSp          0.00\n",
       "Parch          0.00\n",
       "Fare           0.00\n",
       "dtype: float64"
      ]
     },
     "execution_count": 12,
     "metadata": {},
     "output_type": "execute_result"
    }
   ],
   "source": [
    "d.min(numeric_only=True)\n"
   ]
  },
  {
   "cell_type": "code",
   "execution_count": 13,
   "id": "c03a9a9f-008a-4856-91cf-6cf86d16ebdb",
   "metadata": {},
   "outputs": [
    {
     "data": {
      "text/plain": [
       "PassengerId    446.0000\n",
       "Survived         0.0000\n",
       "Pclass           3.0000\n",
       "Age             28.0000\n",
       "SibSp            0.0000\n",
       "Parch            0.0000\n",
       "Fare            14.4542\n",
       "dtype: float64"
      ]
     },
     "execution_count": 13,
     "metadata": {},
     "output_type": "execute_result"
    }
   ],
   "source": [
    "d.median(numeric_only=True)\n"
   ]
  },
  {
   "cell_type": "code",
   "execution_count": 14,
   "id": "d736313e-fb01-4ef8-9ab6-89bcb00e72b3",
   "metadata": {},
   "outputs": [
    {
     "data": {
      "text/plain": [
       "PassengerId    257.353842\n",
       "Survived         0.486592\n",
       "Pclass           0.836071\n",
       "Age             14.526497\n",
       "SibSp            1.102743\n",
       "Parch            0.806057\n",
       "Fare            49.693429\n",
       "dtype: float64"
      ]
     },
     "execution_count": 14,
     "metadata": {},
     "output_type": "execute_result"
    }
   ],
   "source": [
    "d.std(numeric_only=True)"
   ]
  },
  {
   "cell_type": "code",
   "execution_count": null,
   "id": "88562538-947c-4c29-a287-6acd7fc9df9a",
   "metadata": {},
   "outputs": [],
   "source": []
  }
 ],
 "metadata": {
  "kernelspec": {
   "display_name": "Python 3 (ipykernel)",
   "language": "python",
   "name": "python3"
  },
  "language_info": {
   "codemirror_mode": {
    "name": "ipython",
    "version": 3
   },
   "file_extension": ".py",
   "mimetype": "text/x-python",
   "name": "python",
   "nbconvert_exporter": "python",
   "pygments_lexer": "ipython3",
   "version": "3.13.1"
  }
 },
 "nbformat": 4,
 "nbformat_minor": 5
}
